(kicad_pcb (version 20171130) (host pcbnew 5.1.5-52549c5~84~ubuntu18.04.1)

  (general
    (thickness 1.6)
    (drawings 4)
    (tracks 0)
    (zones 0)
    (modules 46)
    (nets 55)
  )

  (page A4)
  (layers
    (0 F.Cu signal)
    (31 B.Cu signal)
    (32 B.Adhes user)
    (33 F.Adhes user)
    (34 B.Paste user)
    (35 F.Paste user)
    (36 B.SilkS user)
    (37 F.SilkS user)
    (38 B.Mask user)
    (39 F.Mask user)
    (40 Dwgs.User user)
    (41 Cmts.User user)
    (42 Eco1.User user)
    (43 Eco2.User user)
    (44 Edge.Cuts user)
    (45 Margin user)
    (46 B.CrtYd user)
    (47 F.CrtYd user)
    (48 B.Fab user)
    (49 F.Fab user)
  )

  (setup
    (last_trace_width 0.2)
    (trace_clearance 0.2)
    (zone_clearance 0.508)
    (zone_45_only no)
    (trace_min 0.2)
    (via_size 0.8)
    (via_drill 0.3)
    (via_min_size 0.8)
    (via_min_drill 0.3)
    (uvia_size 0.3)
    (uvia_drill 0.1)
    (uvias_allowed no)
    (uvia_min_size 0.3)
    (uvia_min_drill 0.1)
    (edge_width 0.05)
    (segment_width 0.2)
    (pcb_text_width 0.3)
    (pcb_text_size 1.5 1.5)
    (mod_edge_width 0.12)
    (mod_text_size 1 1)
    (mod_text_width 0.15)
    (pad_size 1.524 1.524)
    (pad_drill 0.762)
    (pad_to_mask_clearance 0.051)
    (solder_mask_min_width 0.25)
    (aux_axis_origin 0 0)
    (visible_elements FFFFFF7F)
    (pcbplotparams
      (layerselection 0x010c0_ffffffff)
      (usegerberextensions false)
      (usegerberattributes false)
      (usegerberadvancedattributes false)
      (creategerberjobfile false)
      (excludeedgelayer true)
      (linewidth 0.100000)
      (plotframeref false)
      (viasonmask false)
      (mode 1)
      (useauxorigin false)
      (hpglpennumber 1)
      (hpglpenspeed 20)
      (hpglpendiameter 15.000000)
      (psnegative false)
      (psa4output false)
      (plotreference true)
      (plotvalue true)
      (plotinvisibletext false)
      (padsonsilk false)
      (subtractmaskfromsilk false)
      (outputformat 1)
      (mirror false)
      (drillshape 0)
      (scaleselection 1)
      (outputdirectory "./"))
  )

  (net 0 "")
  (net 1 +3V3)
  (net 2 "Net-(C10-Pad1)")
  (net 3 /NRST)
  (net 4 "Net-(J2-Pad2)")
  (net 5 "Net-(J2-Pad3)")
  (net 6 "Net-(J2-Pad4)")
  (net 7 "Net-(R2-Pad1)")
  (net 8 "Net-(U1-Pad38)")
  (net 9 "Net-(U1-Pad20)")
  (net 10 "Net-(U1-Pad17)")
  (net 11 "Net-(U1-Pad16)")
  (net 12 "Net-(U1-Pad15)")
  (net 13 "Net-(U1-Pad14)")
  (net 14 "Net-(U1-Pad13)")
  (net 15 "Net-(U1-Pad12)")
  (net 16 "Net-(U1-Pad36)")
  (net 17 "Net-(U1-Pad35)")
  (net 18 "Net-(U1-Pad33)")
  (net 19 "Net-(U1-Pad31)")
  (net 20 "Net-(U1-Pad30)")
  (net 21 "Net-(U1-Pad29)")
  (net 22 "Net-(U1-Pad28)")
  (net 23 "Net-(U1-Pad11)")
  (net 24 "Net-(U1-Pad10)")
  (net 25 "Net-(U1-Pad9)")
  (net 26 "Net-(U1-Pad8)")
  (net 27 "Net-(U1-Pad2)")
  (net 28 "Net-(U1-Pad1)")
  (net 29 "Net-(U1-Pad47)")
  (net 30 GND)
  (net 31 "Net-(C2-Pad2)")
  (net 32 "Net-(C21-Pad2)")
  (net 33 "Net-(D1-Pad2)")
  (net 34 "Net-(D2-Pad1)")
  (net 35 /SWDIO)
  (net 36 /SWCLK)
  (net 37 /enable)
  (net 38 /VbAt)
  (net 39 "/3DF(3D-FiX_indicator)")
  (net 40 /TX)
  (net 41 /RX)
  (net 42 "/1pps(1_pulse_per_second)")
  (net 43 "Net-(J4-Pad3)")
  (net 44 "Net-(R1-Pad2)")
  (net 45 "Net-(R3-Pad2)")
  (net 46 "Net-(R5-Pad2)")
  (net 47 "Net-(R6-Pad1)")
  (net 48 "Net-(R7-Pad1)")
  (net 49 "Net-(R8-Pad1)")
  (net 50 "Net-(R9-Pad1)")
  (net 51 /temperature)
  (net 52 "Net-(U1-Pad45)")
  (net 53 "Net-(U1-Pad46)")
  (net 54 "Net-(C17-Pad2)")

  (net_class Default "This is the default net class."
    (clearance 0.2)
    (trace_width 0.2)
    (via_dia 0.8)
    (via_drill 0.3)
    (uvia_dia 0.3)
    (uvia_drill 0.1)
    (add_net "/1pps(1_pulse_per_second)")
    (add_net "/3DF(3D-FiX_indicator)")
    (add_net /NRST)
    (add_net /RX)
    (add_net /SWCLK)
    (add_net /SWDIO)
    (add_net /TX)
    (add_net /VbAt)
    (add_net /enable)
    (add_net /temperature)
    (add_net "Net-(C17-Pad2)")
    (add_net "Net-(C2-Pad2)")
    (add_net "Net-(C21-Pad2)")
    (add_net "Net-(D1-Pad2)")
    (add_net "Net-(D2-Pad1)")
    (add_net "Net-(J2-Pad2)")
    (add_net "Net-(J2-Pad3)")
    (add_net "Net-(J2-Pad4)")
    (add_net "Net-(J4-Pad3)")
    (add_net "Net-(R1-Pad2)")
    (add_net "Net-(R2-Pad1)")
    (add_net "Net-(R3-Pad2)")
    (add_net "Net-(R5-Pad2)")
    (add_net "Net-(R6-Pad1)")
    (add_net "Net-(R7-Pad1)")
    (add_net "Net-(R8-Pad1)")
    (add_net "Net-(R9-Pad1)")
    (add_net "Net-(U1-Pad1)")
    (add_net "Net-(U1-Pad10)")
    (add_net "Net-(U1-Pad11)")
    (add_net "Net-(U1-Pad12)")
    (add_net "Net-(U1-Pad13)")
    (add_net "Net-(U1-Pad14)")
    (add_net "Net-(U1-Pad15)")
    (add_net "Net-(U1-Pad16)")
    (add_net "Net-(U1-Pad17)")
    (add_net "Net-(U1-Pad2)")
    (add_net "Net-(U1-Pad20)")
    (add_net "Net-(U1-Pad28)")
    (add_net "Net-(U1-Pad29)")
    (add_net "Net-(U1-Pad30)")
    (add_net "Net-(U1-Pad31)")
    (add_net "Net-(U1-Pad33)")
    (add_net "Net-(U1-Pad35)")
    (add_net "Net-(U1-Pad36)")
    (add_net "Net-(U1-Pad38)")
    (add_net "Net-(U1-Pad45)")
    (add_net "Net-(U1-Pad46)")
    (add_net "Net-(U1-Pad47)")
    (add_net "Net-(U1-Pad8)")
    (add_net "Net-(U1-Pad9)")
  )

  (net_class Power ""
    (clearance 0.2)
    (trace_width 0.5)
    (via_dia 0.8)
    (via_drill 0.3)
    (uvia_dia 0.3)
    (uvia_drill 0.1)
    (add_net +3V3)
    (add_net GND)
    (add_net "Net-(C10-Pad1)")
  )

  (module lab1_CMWX1ZZABZ-078:CMWX1ZZABZ_longer_pads (layer F.Cu) (tedit 5E30010D) (tstamp 5E41C4C1)
    (at 277.275 276.7)
    (descr https://wireless.murata.com/RFM/data/type_abz.pdf)
    (tags "iot lora sigfox")
    (path /5E286E45)
    (attr smd)
    (fp_text reference U1 (at -7.5 -6.5 180) (layer F.SilkS)
      (effects (font (size 1 1) (thickness 0.15)))
    )
    (fp_text value CMWX1ZZABZ-078 (at 0 7.2) (layer F.Fab)
      (effects (font (size 1 1) (thickness 0.15)))
    )
    (fp_circle (center -7.27 -5.37) (end -7.07 -5.37) (layer F.SilkS) (width 0.4))
    (fp_circle (center -7.27 -5.37) (end -7.07 -5.37) (layer F.CrtYd) (width 0.4))
    (fp_text user %R (at 0 0) (layer F.Fab)
      (effects (font (size 1 1) (thickness 0.15)))
    )
    (fp_line (start 6.5 -6.05) (end 6.5 6.05) (layer F.CrtYd) (width 0.05))
    (fp_line (start -6.5 -6.05) (end 6.5 -6.05) (layer F.CrtYd) (width 0.05))
    (fp_line (start -6.5 6.05) (end -6.5 -6.05) (layer F.CrtYd) (width 0.05))
    (fp_line (start -6.5 6.05) (end 6.5 6.05) (layer F.CrtYd) (width 0.05))
    (fp_line (start -5.25 -5.8) (end -6.25 -4.8) (layer F.Fab) (width 0.1))
    (fp_line (start -6.25 -4.8) (end -6.25 5.8) (layer F.Fab) (width 0.1))
    (fp_line (start -6.25 5.8) (end 6.25 5.8) (layer F.Fab) (width 0.1))
    (fp_line (start 6.25 -5.8) (end 6.25 5.8) (layer F.Fab) (width 0.1))
    (fp_line (start -5.25 -5.8) (end 6.25 -5.8) (layer F.Fab) (width 0.1))
    (fp_line (start 6.45 -6) (end 6.45 -4) (layer F.SilkS) (width 0.12))
    (fp_line (start 4.45 -6) (end 6.45 -6) (layer F.SilkS) (width 0.12))
    (fp_line (start -6.45 -6) (end -4.45 -6) (layer F.SilkS) (width 0.12))
    (fp_line (start -6.45 -6) (end -6.45 -5.4) (layer F.SilkS) (width 0.12))
    (fp_line (start 4.45 6) (end 6.45 6) (layer F.SilkS) (width 0.12))
    (fp_line (start 6.45 4) (end 6.45 6) (layer F.SilkS) (width 0.12))
    (fp_line (start -6.45 6) (end -4.45 6) (layer F.SilkS) (width 0.12))
    (fp_line (start -6.45 4) (end -6.45 6) (layer F.SilkS) (width 0.12))
    (pad 48 connect rect (at -4.4 -6.1 270) (size 1 0.5) (layers F.Cu)
      (net 1 +3V3))
    (pad 48 smd rect (at -4.4 -7 270) (size 0.8 0.5) (layers F.Cu F.Paste F.Mask)
      (net 1 +3V3))
    (pad 47 connect rect (at -3.6 -6.1 270) (size 1 0.5) (layers F.Cu)
      (net 29 "Net-(U1-Pad47)"))
    (pad 47 smd rect (at -3.6 -7 270) (size 0.8 0.5) (layers F.Cu F.Paste F.Mask)
      (net 29 "Net-(U1-Pad47)"))
    (pad 46 connect rect (at -2.8 -6.1 270) (size 1 0.5) (layers F.Cu)
      (net 53 "Net-(U1-Pad46)"))
    (pad 46 smd rect (at -2.8 -7 270) (size 0.8 0.5) (layers F.Cu F.Paste F.Mask)
      (net 53 "Net-(U1-Pad46)"))
    (pad 45 connect rect (at -2 -6.1 270) (size 1 0.5) (layers F.Cu)
      (net 52 "Net-(U1-Pad45)"))
    (pad 45 smd rect (at -2 -7 270) (size 0.8 0.5) (layers F.Cu F.Paste F.Mask)
      (net 52 "Net-(U1-Pad45)"))
    (pad 44 connect rect (at -1.2 -6.1 270) (size 1 0.5) (layers F.Cu)
      (net 30 GND))
    (pad 44 smd rect (at -1.2 -7 270) (size 0.8 0.5) (layers F.Cu F.Paste F.Mask)
      (net 30 GND))
    (pad 43 connect rect (at -0.4 -6.1 270) (size 1 0.5) (layers F.Cu)
      (net 7 "Net-(R2-Pad1)"))
    (pad 43 smd rect (at -0.4 -7 270) (size 0.8 0.5) (layers F.Cu F.Paste F.Mask)
      (net 7 "Net-(R2-Pad1)"))
    (pad 42 connect rect (at 0.4 -6.1 270) (size 1 0.5) (layers F.Cu)
      (net 36 /SWCLK))
    (pad 42 smd rect (at 0.4 -7 270) (size 0.8 0.5) (layers F.Cu F.Paste F.Mask)
      (net 36 /SWCLK))
    (pad 41 connect rect (at 1.2 -6.1 270) (size 1 0.5) (layers F.Cu)
      (net 35 /SWDIO))
    (pad 41 smd rect (at 1.2 -7 270) (size 0.8 0.5) (layers F.Cu F.Paste F.Mask)
      (net 35 /SWDIO))
    (pad 40 connect rect (at 2 -6.1 270) (size 1 0.5) (layers F.Cu)
      (net 48 "Net-(R7-Pad1)"))
    (pad 40 smd rect (at 2 -7 270) (size 0.8 0.5) (layers F.Cu F.Paste F.Mask)
      (net 48 "Net-(R7-Pad1)"))
    (pad 39 connect rect (at 2.8 -6.1 270) (size 1 0.5) (layers F.Cu)
      (net 47 "Net-(R6-Pad1)"))
    (pad 39 smd rect (at 2.8 -7 270) (size 0.8 0.5) (layers F.Cu F.Paste F.Mask)
      (net 47 "Net-(R6-Pad1)"))
    (pad 38 connect rect (at 3.6 -6.1 270) (size 1 0.5) (layers F.Cu)
      (net 8 "Net-(U1-Pad38)"))
    (pad 38 smd rect (at 3.6 -7 270) (size 0.8 0.5) (layers F.Cu F.Paste F.Mask)
      (net 8 "Net-(U1-Pad38)"))
    (pad 37 smd rect (at 4.4 -7 270) (size 0.8 0.5) (layers F.Cu F.Paste F.Mask)
      (net 46 "Net-(R5-Pad2)"))
    (pad 37 connect rect (at 4.4 -6.1 270) (size 1 0.5) (layers F.Cu)
      (net 46 "Net-(R5-Pad2)"))
    (pad 36 smd rect (at 7.45 -4.4 180) (size 0.8 0.5) (layers F.Cu F.Paste F.Mask)
      (net 16 "Net-(U1-Pad36)"))
    (pad 36 connect rect (at 6.55 -4.4 180) (size 1 0.5) (layers F.Cu)
      (net 16 "Net-(U1-Pad36)"))
    (pad 35 smd rect (at 7.45 -3.6 180) (size 0.8 0.5) (layers F.Cu F.Paste F.Mask)
      (net 17 "Net-(U1-Pad35)"))
    (pad 35 connect rect (at 6.55 -3.6 180) (size 1 0.5) (layers F.Cu)
      (net 17 "Net-(U1-Pad35)"))
    (pad 34 smd rect (at 7.45 -2.8 180) (size 0.8 0.5) (layers F.Cu F.Paste F.Mask)
      (net 3 /NRST))
    (pad 34 connect rect (at 6.55 -2.8 180) (size 1 0.5) (layers F.Cu)
      (net 3 /NRST))
    (pad 33 smd rect (at 7.45 -2 180) (size 0.8 0.5) (layers F.Cu F.Paste F.Mask)
      (net 18 "Net-(U1-Pad33)"))
    (pad 33 connect rect (at 6.55 -2 180) (size 1 0.5) (layers F.Cu)
      (net 18 "Net-(U1-Pad33)"))
    (pad 32 smd rect (at 7.45 -1.2 180) (size 0.8 0.5) (layers F.Cu F.Paste F.Mask)
      (net 1 +3V3))
    (pad 32 connect rect (at 6.55 -1.2 180) (size 1 0.5) (layers F.Cu)
      (net 1 +3V3))
    (pad 31 smd rect (at 7.45 -0.4 180) (size 0.8 0.5) (layers F.Cu F.Paste F.Mask)
      (net 19 "Net-(U1-Pad31)"))
    (pad 31 connect rect (at 6.55 -0.4 180) (size 1 0.5) (layers F.Cu)
      (net 19 "Net-(U1-Pad31)"))
    (pad 30 smd rect (at 7.45 0.39 180) (size 0.8 0.5) (layers F.Cu F.Paste F.Mask)
      (net 20 "Net-(U1-Pad30)"))
    (pad 30 connect rect (at 6.55 0.39 180) (size 1 0.5) (layers F.Cu)
      (net 20 "Net-(U1-Pad30)"))
    (pad 29 smd rect (at 7.45 1.2 180) (size 0.8 0.5) (layers F.Cu F.Paste F.Mask)
      (net 21 "Net-(U1-Pad29)"))
    (pad 29 connect rect (at 6.55 1.2 180) (size 1 0.5) (layers F.Cu)
      (net 21 "Net-(U1-Pad29)"))
    (pad 28 smd rect (at 7.45 2 180) (size 0.8 0.5) (layers F.Cu F.Paste F.Mask)
      (net 22 "Net-(U1-Pad28)"))
    (pad 28 connect rect (at 6.55 2 180) (size 1 0.5) (layers F.Cu)
      (net 22 "Net-(U1-Pad28)"))
    (pad 27 smd rect (at 7.45 2.8 180) (size 0.8 0.5) (layers F.Cu F.Paste F.Mask)
      (net 30 GND))
    (pad 27 connect rect (at 6.55 2.8 180) (size 1 0.5) (layers F.Cu)
      (net 30 GND))
    (pad 26 smd rect (at 7.45 3.6 180) (size 0.8 0.5) (layers F.Cu F.Paste F.Mask)
      (net 31 "Net-(C2-Pad2)"))
    (pad 26 connect rect (at 6.55 3.6 180) (size 1 0.5) (layers F.Cu)
      (net 31 "Net-(C2-Pad2)"))
    (pad 25 connect rect (at 6.55 4.4 180) (size 1 0.5) (layers F.Cu)
      (net 30 GND))
    (pad 25 smd rect (at 7.45 4.4 180) (size 0.8 0.5) (layers F.Cu F.Paste F.Mask)
      (net 30 GND))
    (pad 24 connect rect (at 4.4 6.1 90) (size 1 0.5) (layers F.Cu)
      (net 42 "/1pps(1_pulse_per_second)"))
    (pad 24 smd rect (at 4.4 7 90) (size 0.8 0.5) (layers F.Cu F.Paste F.Mask)
      (net 42 "/1pps(1_pulse_per_second)"))
    (pad 23 connect rect (at 3.6 6.1 90) (size 1 0.5) (layers F.Cu)
      (net 39 "/3DF(3D-FiX_indicator)"))
    (pad 23 smd rect (at 3.6 7 90) (size 0.8 0.5) (layers F.Cu F.Paste F.Mask)
      (net 39 "/3DF(3D-FiX_indicator)"))
    (pad 22 connect rect (at 2.8 6.1 90) (size 1 0.5) (layers F.Cu)
      (net 51 /temperature))
    (pad 22 smd rect (at 2.8 7 90) (size 0.8 0.5) (layers F.Cu F.Paste F.Mask)
      (net 51 /temperature))
    (pad 21 connect rect (at 2 6.1 90) (size 1 0.5) (layers F.Cu)
      (net 44 "Net-(R1-Pad2)"))
    (pad 21 smd rect (at 2 7 90) (size 0.8 0.5) (layers F.Cu F.Paste F.Mask)
      (net 44 "Net-(R1-Pad2)"))
    (pad 20 connect rect (at 1.2 6.1 90) (size 1 0.5) (layers F.Cu)
      (net 9 "Net-(U1-Pad20)"))
    (pad 20 smd rect (at 1.2 7 90) (size 0.8 0.5) (layers F.Cu F.Paste F.Mask)
      (net 9 "Net-(U1-Pad20)"))
    (pad 19 smd rect (at 0.4 7 90) (size 0.8 0.5) (layers F.Cu F.Paste F.Mask)
      (net 41 /RX))
    (pad 19 connect rect (at 0.4 6.1 90) (size 1 0.5) (layers F.Cu)
      (net 41 /RX))
    (pad 18 connect rect (at -0.4 6.1 90) (size 1 0.5) (layers F.Cu)
      (net 40 /TX))
    (pad 18 smd rect (at -0.4 7 90) (size 0.8 0.5) (layers F.Cu F.Paste F.Mask)
      (net 40 /TX))
    (pad 17 connect rect (at -1.2 6.1 90) (size 1 0.5) (layers F.Cu)
      (net 10 "Net-(U1-Pad17)"))
    (pad 17 smd rect (at -1.2 7 90) (size 0.8 0.5) (layers F.Cu F.Paste F.Mask)
      (net 10 "Net-(U1-Pad17)"))
    (pad 16 connect rect (at -2 6.09 90) (size 1 0.5) (layers F.Cu)
      (net 11 "Net-(U1-Pad16)"))
    (pad 16 smd rect (at -2 6.99 90) (size 0.8 0.5) (layers F.Cu F.Paste F.Mask)
      (net 11 "Net-(U1-Pad16)"))
    (pad 15 connect rect (at -2.8 6.09 90) (size 1 0.5) (layers F.Cu)
      (net 12 "Net-(U1-Pad15)"))
    (pad 15 smd rect (at -2.8 6.99 90) (size 0.8 0.5) (layers F.Cu F.Paste F.Mask)
      (net 12 "Net-(U1-Pad15)"))
    (pad 14 connect rect (at -3.6 6.09 90) (size 1 0.5) (layers F.Cu)
      (net 13 "Net-(U1-Pad14)"))
    (pad 14 smd rect (at -3.6 6.99 90) (size 0.8 0.5) (layers F.Cu F.Paste F.Mask)
      (net 13 "Net-(U1-Pad14)"))
    (pad 13 smd rect (at -4.4 6.99 90) (size 0.8 0.5) (layers F.Cu F.Paste F.Mask)
      (net 14 "Net-(U1-Pad13)"))
    (pad 13 connect rect (at -4.4 6.09 90) (size 1 0.5) (layers F.Cu)
      (net 14 "Net-(U1-Pad13)"))
    (pad 12 connect rect (at -6.55 4.4) (size 1 0.5) (layers F.Cu)
      (net 15 "Net-(U1-Pad12)"))
    (pad 12 smd rect (at -7.45 4.4) (size 0.8 0.5) (layers F.Cu F.Paste F.Mask)
      (net 15 "Net-(U1-Pad12)"))
    (pad 11 connect rect (at -6.55 3.6) (size 1 0.5) (layers F.Cu)
      (net 23 "Net-(U1-Pad11)"))
    (pad 11 smd rect (at -7.45 3.6) (size 0.8 0.5) (layers F.Cu F.Paste F.Mask)
      (net 23 "Net-(U1-Pad11)"))
    (pad 10 connect rect (at -6.55 2.8) (size 1 0.5) (layers F.Cu)
      (net 24 "Net-(U1-Pad10)"))
    (pad 10 smd rect (at -7.45 2.8) (size 0.8 0.5) (layers F.Cu F.Paste F.Mask)
      (net 24 "Net-(U1-Pad10)"))
    (pad 9 connect rect (at -6.55 2) (size 1 0.5) (layers F.Cu)
      (net 25 "Net-(U1-Pad9)"))
    (pad 9 smd rect (at -7.45 2) (size 0.8 0.5) (layers F.Cu F.Paste F.Mask)
      (net 25 "Net-(U1-Pad9)"))
    (pad 8 connect rect (at -6.55 1.2) (size 1 0.5) (layers F.Cu)
      (net 26 "Net-(U1-Pad8)"))
    (pad 8 smd rect (at -7.45 1.2) (size 0.8 0.5) (layers F.Cu F.Paste F.Mask)
      (net 26 "Net-(U1-Pad8)"))
    (pad 7 connect rect (at -6.55 0.4) (size 1 0.5) (layers F.Cu)
      (net 30 GND))
    (pad 7 smd rect (at -7.45 0.4) (size 0.8 0.5) (layers F.Cu F.Paste F.Mask)
      (net 30 GND))
    (pad 6 connect rect (at -6.55 -0.4) (size 1 0.5) (layers F.Cu)
      (net 1 +3V3))
    (pad 6 smd rect (at -7.45 -0.4) (size 0.8 0.5) (layers F.Cu F.Paste F.Mask)
      (net 1 +3V3))
    (pad 5 connect rect (at -6.55 -1.2) (size 1 0.5) (layers F.Cu)
      (net 1 +3V3))
    (pad 5 smd rect (at -7.45 -1.2) (size 0.8 0.5) (layers F.Cu F.Paste F.Mask)
      (net 1 +3V3))
    (pad 4 connect rect (at -6.55 -2) (size 1 0.5) (layers F.Cu)
      (net 1 +3V3))
    (pad 4 smd rect (at -7.45 -2) (size 0.8 0.5) (layers F.Cu F.Paste F.Mask)
      (net 1 +3V3))
    (pad 3 connect rect (at -6.55 -2.8) (size 1 0.5) (layers F.Cu)
      (net 30 GND))
    (pad 3 smd rect (at -7.45 -2.8) (size 0.8 0.5) (layers F.Cu F.Paste F.Mask)
      (net 30 GND))
    (pad 2 smd rect (at -7.45 -3.6) (size 0.8 0.5) (layers F.Cu F.Paste F.Mask)
      (net 27 "Net-(U1-Pad2)"))
    (pad 2 connect rect (at -6.55 -3.6) (size 1 0.5) (layers F.Cu)
      (net 27 "Net-(U1-Pad2)"))
    (pad 1 smd rect (at -7.45 -4.4) (size 0.8 0.5) (layers F.Cu F.Paste F.Mask)
      (net 28 "Net-(U1-Pad1)"))
    (pad 1 connect rect (at -6.55 -4.4) (size 1 0.5) (layers F.Cu)
      (net 28 "Net-(U1-Pad1)"))
    (pad 1 smd rect (at -7.45 -4.4) (size 0.8 0.5) (layers F.Cu F.Paste F.Mask)
      (net 28 "Net-(U1-Pad1)"))
    (pad 1 connect rect (at -6.55 -4.4) (size 1 0.5) (layers F.Cu)
      (net 28 "Net-(U1-Pad1)"))
    (pad 57 smd rect (at 2.5 2.5 90) (size 1.6 1.6) (layers F.Cu F.Paste F.Mask)
      (net 30 GND))
    (pad 56 smd rect (at 0 2.5 90) (size 1.6 1.6) (layers F.Cu F.Paste F.Mask)
      (net 30 GND))
    (pad 55 smd rect (at -2.5 2.5 90) (size 1.6 1.6) (layers F.Cu F.Paste F.Mask)
      (net 30 GND))
    (pad 54 smd rect (at 2.5 0 90) (size 1.6 1.6) (layers F.Cu F.Paste F.Mask)
      (net 30 GND))
    (pad 53 smd rect (at 0 0 90) (size 1.6 1.6) (layers F.Cu F.Paste F.Mask)
      (net 30 GND))
    (pad 52 smd rect (at -2.5 0 90) (size 1.6 1.6) (layers F.Cu F.Paste F.Mask)
      (net 30 GND))
    (pad 51 smd rect (at 2.5 -2.5 90) (size 1.6 1.6) (layers F.Cu F.Paste F.Mask)
      (net 30 GND))
    (pad 50 smd rect (at 0 -2.5 90) (size 1.6 1.6) (layers F.Cu F.Paste F.Mask)
      (net 30 GND))
    (pad 49 smd rect (at -2.5 -2.5 90) (size 1.6 1.6) (layers F.Cu F.Paste F.Mask)
      (net 30 GND))
    (pad 48 smd rect (at -4.4 -5.2 90) (size 0.8 0.5) (layers F.Cu F.Paste F.Mask)
      (net 1 +3V3))
    (pad 47 smd rect (at -3.6 -5.2 90) (size 0.8 0.5) (layers F.Cu F.Paste F.Mask)
      (net 29 "Net-(U1-Pad47)"))
    (pad 46 smd rect (at -2.8 -5.2 90) (size 0.8 0.5) (layers F.Cu F.Paste F.Mask)
      (net 53 "Net-(U1-Pad46)"))
    (pad 45 smd rect (at -2 -5.2 90) (size 0.8 0.5) (layers F.Cu F.Paste F.Mask)
      (net 52 "Net-(U1-Pad45)"))
    (pad 44 smd rect (at -1.2 -5.2 90) (size 0.8 0.5) (layers F.Cu F.Paste F.Mask)
      (net 30 GND))
    (pad 43 smd rect (at -0.4 -5.2 90) (size 0.8 0.5) (layers F.Cu F.Paste F.Mask)
      (net 7 "Net-(R2-Pad1)"))
    (pad 42 smd rect (at 0.4 -5.2 90) (size 0.8 0.5) (layers F.Cu F.Paste F.Mask)
      (net 36 /SWCLK))
    (pad 1 smd rect (at -5.65 -4.4) (size 0.8 0.5) (layers F.Cu F.Paste F.Mask)
      (net 28 "Net-(U1-Pad1)"))
    (pad 2 smd rect (at -5.65 -3.6) (size 0.8 0.5) (layers F.Cu F.Paste F.Mask)
      (net 27 "Net-(U1-Pad2)"))
    (pad 3 smd rect (at -5.65 -2.8) (size 0.8 0.5) (layers F.Cu F.Paste F.Mask)
      (net 30 GND))
    (pad 4 smd rect (at -5.65 -2) (size 0.8 0.5) (layers F.Cu F.Paste F.Mask)
      (net 1 +3V3))
    (pad 5 smd rect (at -5.65 -1.2) (size 0.8 0.5) (layers F.Cu F.Paste F.Mask)
      (net 1 +3V3))
    (pad 6 smd rect (at -5.65 -0.4) (size 0.8 0.5) (layers F.Cu F.Paste F.Mask)
      (net 1 +3V3))
    (pad 7 smd rect (at -5.65 0.4) (size 0.8 0.5) (layers F.Cu F.Paste F.Mask)
      (net 30 GND))
    (pad 8 smd rect (at -5.65 1.2) (size 0.8 0.5) (layers F.Cu F.Paste F.Mask)
      (net 26 "Net-(U1-Pad8)"))
    (pad 9 smd rect (at -5.65 2) (size 0.8 0.5) (layers F.Cu F.Paste F.Mask)
      (net 25 "Net-(U1-Pad9)"))
    (pad 10 smd rect (at -5.65 2.8) (size 0.8 0.5) (layers F.Cu F.Paste F.Mask)
      (net 24 "Net-(U1-Pad10)"))
    (pad 11 smd rect (at -5.65 3.6) (size 0.8 0.5) (layers F.Cu F.Paste F.Mask)
      (net 23 "Net-(U1-Pad11)"))
    (pad 27 smd rect (at 5.65 2.8) (size 0.8 0.5) (layers F.Cu F.Paste F.Mask)
      (net 30 GND))
    (pad 28 smd rect (at 5.65 2) (size 0.8 0.5) (layers F.Cu F.Paste F.Mask)
      (net 22 "Net-(U1-Pad28)"))
    (pad 29 smd rect (at 5.65 1.2) (size 0.8 0.5) (layers F.Cu F.Paste F.Mask)
      (net 21 "Net-(U1-Pad29)"))
    (pad 30 smd rect (at 5.65 0.4) (size 0.8 0.5) (layers F.Cu F.Paste F.Mask)
      (net 20 "Net-(U1-Pad30)"))
    (pad 31 smd rect (at 5.65 -0.4) (size 0.8 0.5) (layers F.Cu F.Paste F.Mask)
      (net 19 "Net-(U1-Pad31)"))
    (pad 32 smd rect (at 5.65 -1.2) (size 0.8 0.5) (layers F.Cu F.Paste F.Mask)
      (net 1 +3V3))
    (pad 33 smd rect (at 5.65 -2) (size 0.8 0.5) (layers F.Cu F.Paste F.Mask)
      (net 18 "Net-(U1-Pad33)"))
    (pad 34 smd rect (at 5.65 -2.8) (size 0.8 0.5) (layers F.Cu F.Paste F.Mask)
      (net 3 /NRST))
    (pad 35 smd rect (at 5.65 -3.6) (size 0.8 0.5) (layers F.Cu F.Paste F.Mask)
      (net 17 "Net-(U1-Pad35)"))
    (pad 36 smd rect (at 5.65 -4.4) (size 0.8 0.5) (layers F.Cu F.Paste F.Mask)
      (net 16 "Net-(U1-Pad36)"))
    (pad 37 smd rect (at 4.4 -5.2 90) (size 0.8 0.5) (layers F.Cu F.Paste F.Mask)
      (net 46 "Net-(R5-Pad2)"))
    (pad 39 smd rect (at 2.8 -5.2 90) (size 0.8 0.5) (layers F.Cu F.Paste F.Mask)
      (net 47 "Net-(R6-Pad1)"))
    (pad 40 smd rect (at 2 -5.2 90) (size 0.8 0.5) (layers F.Cu F.Paste F.Mask)
      (net 48 "Net-(R7-Pad1)"))
    (pad 41 smd rect (at 1.2 -5.2 90) (size 0.8 0.5) (layers F.Cu F.Paste F.Mask)
      (net 35 /SWDIO))
    (pad 12 smd rect (at -5.65 4.4) (size 0.8 0.5) (layers F.Cu F.Paste F.Mask)
      (net 15 "Net-(U1-Pad12)"))
    (pad 13 smd rect (at -4.4 5.2 90) (size 0.8 0.5) (layers F.Cu F.Paste F.Mask)
      (net 14 "Net-(U1-Pad13)"))
    (pad 14 smd rect (at -3.6 5.2 90) (size 0.8 0.5) (layers F.Cu F.Paste F.Mask)
      (net 13 "Net-(U1-Pad14)"))
    (pad 15 smd rect (at -2.8 5.2 90) (size 0.8 0.5) (layers F.Cu F.Paste F.Mask)
      (net 12 "Net-(U1-Pad15)"))
    (pad 16 smd rect (at -2 5.2 90) (size 0.8 0.5) (layers F.Cu F.Paste F.Mask)
      (net 11 "Net-(U1-Pad16)"))
    (pad 17 smd rect (at -1.2 5.2 90) (size 0.8 0.5) (layers F.Cu F.Paste F.Mask)
      (net 10 "Net-(U1-Pad17)"))
    (pad 18 smd rect (at -0.4 5.2 90) (size 0.8 0.5) (layers F.Cu F.Paste F.Mask)
      (net 40 /TX))
    (pad 19 smd rect (at 0.4 5.2 90) (size 0.8 0.5) (layers F.Cu F.Paste F.Mask)
      (net 41 /RX))
    (pad 20 smd rect (at 1.2 5.2 270) (size 0.8 0.5) (layers F.Cu F.Paste F.Mask)
      (net 9 "Net-(U1-Pad20)"))
    (pad 21 smd rect (at 2 5.2 270) (size 0.8 0.5) (layers F.Cu F.Paste F.Mask)
      (net 44 "Net-(R1-Pad2)"))
    (pad 22 smd rect (at 2.8 5.2 270) (size 0.8 0.5) (layers F.Cu F.Paste F.Mask)
      (net 51 /temperature))
    (pad 23 smd rect (at 3.6 5.2 270) (size 0.8 0.5) (layers F.Cu F.Paste F.Mask)
      (net 39 "/3DF(3D-FiX_indicator)"))
    (pad 24 smd rect (at 4.4 5.2 270) (size 0.8 0.5) (layers F.Cu F.Paste F.Mask)
      (net 42 "/1pps(1_pulse_per_second)"))
    (pad 25 smd rect (at 5.65 4.4) (size 0.8 0.5) (layers F.Cu F.Paste F.Mask)
      (net 30 GND))
    (pad 26 smd rect (at 5.65 3.6) (size 0.8 0.5) (layers F.Cu F.Paste F.Mask)
      (net 31 "Net-(C2-Pad2)"))
    (pad 38 smd rect (at 3.6 -5.2 90) (size 0.8 0.5) (layers F.Cu F.Paste F.Mask)
      (net 8 "Net-(U1-Pad38)"))
    (model ${KISYS3DMOD}/RF_Module.3dshapes/CMWX1ZZABZ.wrl
      (at (xyz 0 0 0))
      (scale (xyz 1 1 1))
      (rotate (xyz 0 0 0))
    )
  )

  (module Capacitor_SMD:C_0805_2012Metric_Pad1.15x1.40mm_HandSolder (layer F.Cu) (tedit 5B36C52B) (tstamp 5E419732)
    (at 227.315001 251.455001)
    (descr "Capacitor SMD 0805 (2012 Metric), square (rectangular) end terminal, IPC_7351 nominal with elongated pad for handsoldering. (Body size source: https://docs.google.com/spreadsheets/d/1BsfQQcO9C6DZCsRaXUlFlo91Tg2WpOkGARC1WS5S8t0/edit?usp=sharing), generated with kicad-footprint-generator")
    (tags "capacitor handsolder")
    (path /5E453D2C)
    (attr smd)
    (fp_text reference C1 (at 0 -1.65) (layer F.SilkS)
      (effects (font (size 1 1) (thickness 0.15)))
    )
    (fp_text value 0.1u (at 0 1.65) (layer F.Fab)
      (effects (font (size 1 1) (thickness 0.15)))
    )
    (fp_line (start -1 0.6) (end -1 -0.6) (layer F.Fab) (width 0.1))
    (fp_line (start -1 -0.6) (end 1 -0.6) (layer F.Fab) (width 0.1))
    (fp_line (start 1 -0.6) (end 1 0.6) (layer F.Fab) (width 0.1))
    (fp_line (start 1 0.6) (end -1 0.6) (layer F.Fab) (width 0.1))
    (fp_line (start -0.261252 -0.71) (end 0.261252 -0.71) (layer F.SilkS) (width 0.12))
    (fp_line (start -0.261252 0.71) (end 0.261252 0.71) (layer F.SilkS) (width 0.12))
    (fp_line (start -1.85 0.95) (end -1.85 -0.95) (layer F.CrtYd) (width 0.05))
    (fp_line (start -1.85 -0.95) (end 1.85 -0.95) (layer F.CrtYd) (width 0.05))
    (fp_line (start 1.85 -0.95) (end 1.85 0.95) (layer F.CrtYd) (width 0.05))
    (fp_line (start 1.85 0.95) (end -1.85 0.95) (layer F.CrtYd) (width 0.05))
    (fp_text user %R (at 0 0) (layer F.Fab)
      (effects (font (size 0.5 0.5) (thickness 0.08)))
    )
    (pad 1 smd roundrect (at -1.025 0) (size 1.15 1.4) (layers F.Cu F.Paste F.Mask) (roundrect_rratio 0.217391)
      (net 3 /NRST))
    (pad 2 smd roundrect (at 1.025 0) (size 1.15 1.4) (layers F.Cu F.Paste F.Mask) (roundrect_rratio 0.217391)
      (net 30 GND))
    (model ${KISYS3DMOD}/Capacitor_SMD.3dshapes/C_0805_2012Metric.wrl
      (at (xyz 0 0 0))
      (scale (xyz 1 1 1))
      (rotate (xyz 0 0 0))
    )
  )

  (module Capacitor_SMD:C_0805_2012Metric_Pad1.15x1.40mm_HandSolder (layer F.Cu) (tedit 5B36C52B) (tstamp 5E419743)
    (at 232.065001 254.065001)
    (descr "Capacitor SMD 0805 (2012 Metric), square (rectangular) end terminal, IPC_7351 nominal with elongated pad for handsoldering. (Body size source: https://docs.google.com/spreadsheets/d/1BsfQQcO9C6DZCsRaXUlFlo91Tg2WpOkGARC1WS5S8t0/edit?usp=sharing), generated with kicad-footprint-generator")
    (tags "capacitor handsolder")
    (path /5E6289FD)
    (attr smd)
    (fp_text reference C2 (at 0 -1.65) (layer F.SilkS)
      (effects (font (size 1 1) (thickness 0.15)))
    )
    (fp_text value 10u (at 0 1.65) (layer F.Fab)
      (effects (font (size 1 1) (thickness 0.15)))
    )
    (fp_line (start -1 0.6) (end -1 -0.6) (layer F.Fab) (width 0.1))
    (fp_line (start -1 -0.6) (end 1 -0.6) (layer F.Fab) (width 0.1))
    (fp_line (start 1 -0.6) (end 1 0.6) (layer F.Fab) (width 0.1))
    (fp_line (start 1 0.6) (end -1 0.6) (layer F.Fab) (width 0.1))
    (fp_line (start -0.261252 -0.71) (end 0.261252 -0.71) (layer F.SilkS) (width 0.12))
    (fp_line (start -0.261252 0.71) (end 0.261252 0.71) (layer F.SilkS) (width 0.12))
    (fp_line (start -1.85 0.95) (end -1.85 -0.95) (layer F.CrtYd) (width 0.05))
    (fp_line (start -1.85 -0.95) (end 1.85 -0.95) (layer F.CrtYd) (width 0.05))
    (fp_line (start 1.85 -0.95) (end 1.85 0.95) (layer F.CrtYd) (width 0.05))
    (fp_line (start 1.85 0.95) (end -1.85 0.95) (layer F.CrtYd) (width 0.05))
    (fp_text user %R (at 0 0) (layer F.Fab)
      (effects (font (size 0.5 0.5) (thickness 0.08)))
    )
    (pad 1 smd roundrect (at -1.025 0) (size 1.15 1.4) (layers F.Cu F.Paste F.Mask) (roundrect_rratio 0.217391)
      (net 30 GND))
    (pad 2 smd roundrect (at 1.025 0) (size 1.15 1.4) (layers F.Cu F.Paste F.Mask) (roundrect_rratio 0.217391)
      (net 31 "Net-(C2-Pad2)"))
    (model ${KISYS3DMOD}/Capacitor_SMD.3dshapes/C_0805_2012Metric.wrl
      (at (xyz 0 0 0))
      (scale (xyz 1 1 1))
      (rotate (xyz 0 0 0))
    )
  )

  (module Capacitor_SMD:C_0805_2012Metric_Pad1.15x1.40mm_HandSolder (layer F.Cu) (tedit 5B36C52B) (tstamp 5E419754)
    (at 225.715001 257.355001)
    (descr "Capacitor SMD 0805 (2012 Metric), square (rectangular) end terminal, IPC_7351 nominal with elongated pad for handsoldering. (Body size source: https://docs.google.com/spreadsheets/d/1BsfQQcO9C6DZCsRaXUlFlo91Tg2WpOkGARC1WS5S8t0/edit?usp=sharing), generated with kicad-footprint-generator")
    (tags "capacitor handsolder")
    (path /5E28C279)
    (attr smd)
    (fp_text reference C3 (at 0 -1.65) (layer F.SilkS)
      (effects (font (size 1 1) (thickness 0.15)))
    )
    (fp_text value 100n (at 0 1.65) (layer F.Fab)
      (effects (font (size 1 1) (thickness 0.15)))
    )
    (fp_text user %R (at 0 0) (layer F.Fab)
      (effects (font (size 0.5 0.5) (thickness 0.08)))
    )
    (fp_line (start 1.85 0.95) (end -1.85 0.95) (layer F.CrtYd) (width 0.05))
    (fp_line (start 1.85 -0.95) (end 1.85 0.95) (layer F.CrtYd) (width 0.05))
    (fp_line (start -1.85 -0.95) (end 1.85 -0.95) (layer F.CrtYd) (width 0.05))
    (fp_line (start -1.85 0.95) (end -1.85 -0.95) (layer F.CrtYd) (width 0.05))
    (fp_line (start -0.261252 0.71) (end 0.261252 0.71) (layer F.SilkS) (width 0.12))
    (fp_line (start -0.261252 -0.71) (end 0.261252 -0.71) (layer F.SilkS) (width 0.12))
    (fp_line (start 1 0.6) (end -1 0.6) (layer F.Fab) (width 0.1))
    (fp_line (start 1 -0.6) (end 1 0.6) (layer F.Fab) (width 0.1))
    (fp_line (start -1 -0.6) (end 1 -0.6) (layer F.Fab) (width 0.1))
    (fp_line (start -1 0.6) (end -1 -0.6) (layer F.Fab) (width 0.1))
    (pad 2 smd roundrect (at 1.025 0) (size 1.15 1.4) (layers F.Cu F.Paste F.Mask) (roundrect_rratio 0.217391)
      (net 1 +3V3))
    (pad 1 smd roundrect (at -1.025 0) (size 1.15 1.4) (layers F.Cu F.Paste F.Mask) (roundrect_rratio 0.217391)
      (net 30 GND))
    (model ${KISYS3DMOD}/Capacitor_SMD.3dshapes/C_0805_2012Metric.wrl
      (at (xyz 0 0 0))
      (scale (xyz 1 1 1))
      (rotate (xyz 0 0 0))
    )
  )

  (module Capacitor_SMD:C_0805_2012Metric_Pad1.15x1.40mm_HandSolder (layer F.Cu) (tedit 5B36C52B) (tstamp 5E419765)
    (at 232.065001 251.115001)
    (descr "Capacitor SMD 0805 (2012 Metric), square (rectangular) end terminal, IPC_7351 nominal with elongated pad for handsoldering. (Body size source: https://docs.google.com/spreadsheets/d/1BsfQQcO9C6DZCsRaXUlFlo91Tg2WpOkGARC1WS5S8t0/edit?usp=sharing), generated with kicad-footprint-generator")
    (tags "capacitor handsolder")
    (path /5E28B4AA)
    (attr smd)
    (fp_text reference C4 (at 0 -1.65) (layer F.SilkS)
      (effects (font (size 1 1) (thickness 0.15)))
    )
    (fp_text value 100n (at 0 1.65) (layer F.Fab)
      (effects (font (size 1 1) (thickness 0.15)))
    )
    (fp_line (start -1 0.6) (end -1 -0.6) (layer F.Fab) (width 0.1))
    (fp_line (start -1 -0.6) (end 1 -0.6) (layer F.Fab) (width 0.1))
    (fp_line (start 1 -0.6) (end 1 0.6) (layer F.Fab) (width 0.1))
    (fp_line (start 1 0.6) (end -1 0.6) (layer F.Fab) (width 0.1))
    (fp_line (start -0.261252 -0.71) (end 0.261252 -0.71) (layer F.SilkS) (width 0.12))
    (fp_line (start -0.261252 0.71) (end 0.261252 0.71) (layer F.SilkS) (width 0.12))
    (fp_line (start -1.85 0.95) (end -1.85 -0.95) (layer F.CrtYd) (width 0.05))
    (fp_line (start -1.85 -0.95) (end 1.85 -0.95) (layer F.CrtYd) (width 0.05))
    (fp_line (start 1.85 -0.95) (end 1.85 0.95) (layer F.CrtYd) (width 0.05))
    (fp_line (start 1.85 0.95) (end -1.85 0.95) (layer F.CrtYd) (width 0.05))
    (fp_text user %R (at 0 0) (layer F.Fab)
      (effects (font (size 0.5 0.5) (thickness 0.08)))
    )
    (pad 1 smd roundrect (at -1.025 0) (size 1.15 1.4) (layers F.Cu F.Paste F.Mask) (roundrect_rratio 0.217391)
      (net 30 GND))
    (pad 2 smd roundrect (at 1.025 0) (size 1.15 1.4) (layers F.Cu F.Paste F.Mask) (roundrect_rratio 0.217391)
      (net 1 +3V3))
    (model ${KISYS3DMOD}/Capacitor_SMD.3dshapes/C_0805_2012Metric.wrl
      (at (xyz 0 0 0))
      (scale (xyz 1 1 1))
      (rotate (xyz 0 0 0))
    )
  )

  (module Capacitor_SMD:C_0805_2012Metric_Pad1.15x1.40mm_HandSolder (layer F.Cu) (tedit 5B36C52B) (tstamp 5E419776)
    (at 235.475001 248.165001)
    (descr "Capacitor SMD 0805 (2012 Metric), square (rectangular) end terminal, IPC_7351 nominal with elongated pad for handsoldering. (Body size source: https://docs.google.com/spreadsheets/d/1BsfQQcO9C6DZCsRaXUlFlo91Tg2WpOkGARC1WS5S8t0/edit?usp=sharing), generated with kicad-footprint-generator")
    (tags "capacitor handsolder")
    (path /5E28CA4C)
    (attr smd)
    (fp_text reference C5 (at 0 -1.65) (layer F.SilkS)
      (effects (font (size 1 1) (thickness 0.15)))
    )
    (fp_text value 100n (at 0 1.65) (layer F.Fab)
      (effects (font (size 1 1) (thickness 0.15)))
    )
    (fp_text user %R (at 0 0) (layer F.Fab)
      (effects (font (size 0.5 0.5) (thickness 0.08)))
    )
    (fp_line (start 1.85 0.95) (end -1.85 0.95) (layer F.CrtYd) (width 0.05))
    (fp_line (start 1.85 -0.95) (end 1.85 0.95) (layer F.CrtYd) (width 0.05))
    (fp_line (start -1.85 -0.95) (end 1.85 -0.95) (layer F.CrtYd) (width 0.05))
    (fp_line (start -1.85 0.95) (end -1.85 -0.95) (layer F.CrtYd) (width 0.05))
    (fp_line (start -0.261252 0.71) (end 0.261252 0.71) (layer F.SilkS) (width 0.12))
    (fp_line (start -0.261252 -0.71) (end 0.261252 -0.71) (layer F.SilkS) (width 0.12))
    (fp_line (start 1 0.6) (end -1 0.6) (layer F.Fab) (width 0.1))
    (fp_line (start 1 -0.6) (end 1 0.6) (layer F.Fab) (width 0.1))
    (fp_line (start -1 -0.6) (end 1 -0.6) (layer F.Fab) (width 0.1))
    (fp_line (start -1 0.6) (end -1 -0.6) (layer F.Fab) (width 0.1))
    (pad 2 smd roundrect (at 1.025 0) (size 1.15 1.4) (layers F.Cu F.Paste F.Mask) (roundrect_rratio 0.217391)
      (net 30 GND))
    (pad 1 smd roundrect (at -1.025 0) (size 1.15 1.4) (layers F.Cu F.Paste F.Mask) (roundrect_rratio 0.217391)
      (net 1 +3V3))
    (model ${KISYS3DMOD}/Capacitor_SMD.3dshapes/C_0805_2012Metric.wrl
      (at (xyz 0 0 0))
      (scale (xyz 1 1 1))
      (rotate (xyz 0 0 0))
    )
  )

  (module Capacitor_SMD:C_0805_2012Metric_Pad1.15x1.40mm_HandSolder (layer F.Cu) (tedit 5B36C52B) (tstamp 5E419787)
    (at 240.225001 243.025001)
    (descr "Capacitor SMD 0805 (2012 Metric), square (rectangular) end terminal, IPC_7351 nominal with elongated pad for handsoldering. (Body size source: https://docs.google.com/spreadsheets/d/1BsfQQcO9C6DZCsRaXUlFlo91Tg2WpOkGARC1WS5S8t0/edit?usp=sharing), generated with kicad-footprint-generator")
    (tags "capacitor handsolder")
    (path /5E28D2CD)
    (attr smd)
    (fp_text reference C6 (at 0 -1.65) (layer F.SilkS)
      (effects (font (size 1 1) (thickness 0.15)))
    )
    (fp_text value 100n (at 0 1.65) (layer F.Fab)
      (effects (font (size 1 1) (thickness 0.15)))
    )
    (fp_text user %R (at 0 0) (layer F.Fab)
      (effects (font (size 0.5 0.5) (thickness 0.08)))
    )
    (fp_line (start 1.85 0.95) (end -1.85 0.95) (layer F.CrtYd) (width 0.05))
    (fp_line (start 1.85 -0.95) (end 1.85 0.95) (layer F.CrtYd) (width 0.05))
    (fp_line (start -1.85 -0.95) (end 1.85 -0.95) (layer F.CrtYd) (width 0.05))
    (fp_line (start -1.85 0.95) (end -1.85 -0.95) (layer F.CrtYd) (width 0.05))
    (fp_line (start -0.261252 0.71) (end 0.261252 0.71) (layer F.SilkS) (width 0.12))
    (fp_line (start -0.261252 -0.71) (end 0.261252 -0.71) (layer F.SilkS) (width 0.12))
    (fp_line (start 1 0.6) (end -1 0.6) (layer F.Fab) (width 0.1))
    (fp_line (start 1 -0.6) (end 1 0.6) (layer F.Fab) (width 0.1))
    (fp_line (start -1 -0.6) (end 1 -0.6) (layer F.Fab) (width 0.1))
    (fp_line (start -1 0.6) (end -1 -0.6) (layer F.Fab) (width 0.1))
    (pad 2 smd roundrect (at 1.025 0) (size 1.15 1.4) (layers F.Cu F.Paste F.Mask) (roundrect_rratio 0.217391)
      (net 1 +3V3))
    (pad 1 smd roundrect (at -1.025 0) (size 1.15 1.4) (layers F.Cu F.Paste F.Mask) (roundrect_rratio 0.217391)
      (net 30 GND))
    (model ${KISYS3DMOD}/Capacitor_SMD.3dshapes/C_0805_2012Metric.wrl
      (at (xyz 0 0 0))
      (scale (xyz 1 1 1))
      (rotate (xyz 0 0 0))
    )
  )

  (module Capacitor_SMD:C_0805_2012Metric_Pad1.15x1.40mm_HandSolder (layer F.Cu) (tedit 5B36C52B) (tstamp 5E419798)
    (at 220.965001 262.925001)
    (descr "Capacitor SMD 0805 (2012 Metric), square (rectangular) end terminal, IPC_7351 nominal with elongated pad for handsoldering. (Body size source: https://docs.google.com/spreadsheets/d/1BsfQQcO9C6DZCsRaXUlFlo91Tg2WpOkGARC1WS5S8t0/edit?usp=sharing), generated with kicad-footprint-generator")
    (tags "capacitor handsolder")
    (path /5E28CEEE)
    (attr smd)
    (fp_text reference C7 (at 0 -1.65) (layer F.SilkS)
      (effects (font (size 1 1) (thickness 0.15)))
    )
    (fp_text value 100n (at 0 1.65) (layer F.Fab)
      (effects (font (size 1 1) (thickness 0.15)))
    )
    (fp_line (start -1 0.6) (end -1 -0.6) (layer F.Fab) (width 0.1))
    (fp_line (start -1 -0.6) (end 1 -0.6) (layer F.Fab) (width 0.1))
    (fp_line (start 1 -0.6) (end 1 0.6) (layer F.Fab) (width 0.1))
    (fp_line (start 1 0.6) (end -1 0.6) (layer F.Fab) (width 0.1))
    (fp_line (start -0.261252 -0.71) (end 0.261252 -0.71) (layer F.SilkS) (width 0.12))
    (fp_line (start -0.261252 0.71) (end 0.261252 0.71) (layer F.SilkS) (width 0.12))
    (fp_line (start -1.85 0.95) (end -1.85 -0.95) (layer F.CrtYd) (width 0.05))
    (fp_line (start -1.85 -0.95) (end 1.85 -0.95) (layer F.CrtYd) (width 0.05))
    (fp_line (start 1.85 -0.95) (end 1.85 0.95) (layer F.CrtYd) (width 0.05))
    (fp_line (start 1.85 0.95) (end -1.85 0.95) (layer F.CrtYd) (width 0.05))
    (fp_text user %R (at 0 0) (layer F.Fab)
      (effects (font (size 0.5 0.5) (thickness 0.08)))
    )
    (pad 1 smd roundrect (at -1.025 0) (size 1.15 1.4) (layers F.Cu F.Paste F.Mask) (roundrect_rratio 0.217391)
      (net 30 GND))
    (pad 2 smd roundrect (at 1.025 0) (size 1.15 1.4) (layers F.Cu F.Paste F.Mask) (roundrect_rratio 0.217391)
      (net 1 +3V3))
    (model ${KISYS3DMOD}/Capacitor_SMD.3dshapes/C_0805_2012Metric.wrl
      (at (xyz 0 0 0))
      (scale (xyz 1 1 1))
      (rotate (xyz 0 0 0))
    )
  )

  (module Capacitor_SMD:C_0805_2012Metric_Pad1.15x1.40mm_HandSolder (layer F.Cu) (tedit 5B36C52B) (tstamp 5E4197A9)
    (at 227.315001 254.405001)
    (descr "Capacitor SMD 0805 (2012 Metric), square (rectangular) end terminal, IPC_7351 nominal with elongated pad for handsoldering. (Body size source: https://docs.google.com/spreadsheets/d/1BsfQQcO9C6DZCsRaXUlFlo91Tg2WpOkGARC1WS5S8t0/edit?usp=sharing), generated with kicad-footprint-generator")
    (tags "capacitor handsolder")
    (path /5E3138B4)
    (attr smd)
    (fp_text reference C8 (at 0 -1.65) (layer F.SilkS)
      (effects (font (size 1 1) (thickness 0.15)))
    )
    (fp_text value 100n (at 0 1.65) (layer F.Fab)
      (effects (font (size 1 1) (thickness 0.15)))
    )
    (fp_text user %R (at 0 0) (layer F.Fab)
      (effects (font (size 0.5 0.5) (thickness 0.08)))
    )
    (fp_line (start 1.85 0.95) (end -1.85 0.95) (layer F.CrtYd) (width 0.05))
    (fp_line (start 1.85 -0.95) (end 1.85 0.95) (layer F.CrtYd) (width 0.05))
    (fp_line (start -1.85 -0.95) (end 1.85 -0.95) (layer F.CrtYd) (width 0.05))
    (fp_line (start -1.85 0.95) (end -1.85 -0.95) (layer F.CrtYd) (width 0.05))
    (fp_line (start -0.261252 0.71) (end 0.261252 0.71) (layer F.SilkS) (width 0.12))
    (fp_line (start -0.261252 -0.71) (end 0.261252 -0.71) (layer F.SilkS) (width 0.12))
    (fp_line (start 1 0.6) (end -1 0.6) (layer F.Fab) (width 0.1))
    (fp_line (start 1 -0.6) (end 1 0.6) (layer F.Fab) (width 0.1))
    (fp_line (start -1 -0.6) (end 1 -0.6) (layer F.Fab) (width 0.1))
    (fp_line (start -1 0.6) (end -1 -0.6) (layer F.Fab) (width 0.1))
    (pad 2 smd roundrect (at 1.025 0) (size 1.15 1.4) (layers F.Cu F.Paste F.Mask) (roundrect_rratio 0.217391)
      (net 1 +3V3))
    (pad 1 smd roundrect (at -1.025 0) (size 1.15 1.4) (layers F.Cu F.Paste F.Mask) (roundrect_rratio 0.217391)
      (net 30 GND))
